4
0.9326 3 3
30 24
asphalt-straight-flat:7,19,23,28
asphalt-straight-hilly:4,9,20,22
asphalt-slalom-hilly:1,6,17,18
dirt-slalom-hilly:11,16,24
dirt-straight-hilly:3,8,27
dirt-slalom-flat:2,14,15,21,29,30
asphalt-slalom-flat:10,25
dirt-straight-flat:5,12,13,26
5
toyota:0.0262 0.0688 0.0318 0.013 0.1345 0.181 0.0676 0.1626 0.0858 0.0162 0.1179 0.0946
ferarri:0.1731 0.0771 0.177 0.1778 0.009 0.0308 0.0453 0.0943 0.1396 0.0119 0.0497 0.0144
mazda:0.1338 0.0875 0.1194 0.0054 0.1135 0.1117 0.0629 0.0268 0.0662 0.0862 0.1106 0.0761
humvee:0.0061 0.103 0.1334 0.0553 0.1237 0.1142 0.0976 0.0818 0.0959 0.0558 0.1271 0.0061
go-kart:0.1287 0.0488 0.1051 0.0035 0.0765 0.1381 0.0994 0.029 0.0993 0.0211 0.0597 0.1909
5
stig:0.0171 0.0396 0.0318 0.1271 0.1153 0.0948 0.1321 0.0804 0.0393 0.1376 0.117 0.068
anakin:0.0351 0.1232 0.0104 0.0962 0.1039 0.0464 0.0014 0.1299 0.1233 0.128 0.1062 0.0958
mushroom:0.0847 0.133 0.1301 0.0643 0.0738 0.1102 0.0997 0.0116 0.0241 0.0913 0.125 0.0521
crash:0.1452 0.0832 0.0248 0.1297 0.0047 0.0946 0.1291 0.1527 0.0409 0.0091 0.0839 0.102
schumacher:0.0346 0.1595 0.0992 0.0337 0.0433 0.0415 0.0425 0.0827 0.0081 0.1556 0.1519 0.1474
performance:0.103 0.1291 0.0841 0.114 0.015 0.1172 0.1205 0.0085 0.0189 0.0963 0.0182 0.1751
all-terrain:0.0136 0.1115 0.0235 0.0595 0.122 0.1666 0.1272 0.0013 0.0386 0.105 0.111 0.1204
mud:0.0534 0.0262 0.1237 0.1445 0.0013 0.0574 0.0471 0.0685 0.0502 0.1412 0.1543 0.1321
low-profile:0.0597 0.0965 0.0989 0.1412 0.1013 0.1159 0.0772 0.1102 0.0375 0.0318 0.1267 0.0032
7 6 3 4 6 6 7 2 3 5 7 7 5 3 7 3 4 3 4 3 6 7 2 1 2 4 2 3 1 5 7 7 1 1 3 5 6 7 4 7
0.3125 0.3576 0.3572 0.1205 0.4499 0.0933 0.2039 0.3067